1 6
2 2
3 4
4 3
5 2
6 9
7 9
8 8
9 8
10 5
11 4
12 3
13 5
14 5
15 0
16 8
17 7
18 0
19 9
20 9
21 2
22 9
23 3
24 6
25 3
26 8
27 3
28 1
29 0
30 0
31 8
32 3
33 7
34 2
35 4
36 4
37 1
38 7
39 9
40 6
41 4
42 2
43 6
44 2
45 0
46 1
47 8
48 0
49 5
50 2
51 9
52 2
53 8
54 6
55 9
56 7
57 3
58 5
59 5
60 1
61 9
62 0
63 2
64 4
65 9
66 5
67 6
68 3
69 8
70 0
71 8
72 8
73 8
74 5
75 5
76 1
77 1
78 3
79 2
80 5
81 4
82 4
83 6
84 2
85 4
86 6
87 0
88 2
89 7
90 6
91 1
92 9
93 5
94 5
95 3
96 9
97 8
98 6
99 8
100 8
101 6
102 9
103 1
104 4
105 0
106 4
107 1
108 0
109 3
110 9
111 4
112 0
113 6
114 2
115 7
116 4
117 3
118 1
119 4
120 1
121 5
122 6
123 5
124 5
125 5
126 9
127 1
128 1
129 8
130 3
131 2
132 5
133 4
134 2
135 0
136 5
137 9
138 6
139 2
140 8
141 4
142 4
143 6
144 5
145 8
146 4
147 7
148 9
149 7
150 8
151 9
152 8
153 7
154 5
155 7
156 2
157 4
158 7
159 4
160 4
161 6
162 5
163 1
164 0
165 9
166 2
167 8
168 0
169 1
170 8
171 9
172 6
173 3
174 9
175 4
176 4
177 1
178 1
179 3
180 5
181 1
182 8
183 4
184 9
185 0
186 2
187 4
188 9
189 9
190 1
191 4
192 8
193 4
194 9
195 4
196 7
197 2
198 3
199 2
200 5
201 6
202 1
203 1
204 2
205 1
206 1
207 6
208 5
209 8
210 4
211 0
212 6
213 5
214 4
215 4
216 1
217 9
218 3
219 9
220 9
221 6
222 8
223 1
224 0
225 9
226 7
227 8
228 6
229 8
230 9
231 2
232 7
233 0
234 2
235 8
236 5
237 1
238 9
239 0
240 1
241 2
242 5
243 1
244 7
245 3
246 6
247 9
248 4
249 6
250 4
251 6
252 6
253 4
254 1
255 8
256 2
257 2
258 1
259 6
260 1
261 9
262 1
263 0
264 8
265 1
266 4
267 0
268 3
269 9
270 5
271 5
272 3
273 0
274 1
275 3
276 6
277 9
278 6
279 9
280 2
281 8
282 9
283 9
284 1
285 9
286 2
287 5
288 4
289 5
290 2
291 7
292 3
293 5
294 6
295 1
296 0
297 7
298 1
299 3
300 7
301 8
302 9
303 3
304 6
305 4
306 3
307 6
308 6
309 1
310 3
311 1
312 5
313 8
314 6
315 1
316 5
317 0
318 5
319 9
320 5
321 6
322 7
323 2
324 7
325 7
326 6
327 4
328 5
329 3
330 2
331 6
332 2
333 9
334 4
335 3
336 0
337 9
338 6
339 9
340 0
341 7
342 0
343 5
344 4
345 1
346 7
347 8
348 0
349 2
350 5
351 5
352 7
353 0
354 5
355 1
356 0
357 0
358 0
359 5
360 0
361 2
362 2
363 4
364 7
365 2
366 3
367 7
368 6
369 6
370 9
371 1
372 4
373 3
374 8
375 6
376 2
377 9
378 5
379 4
380 8
381 1
382 8
383 1
384 1
385 1
386 9
387 4
388 4
389 4
390 4
391 1
392 1
393 6
394 8
395 1
396 0
397 1
398 8
399 3
400 0
401 1
402 5
403 8
404 7
405 3
406 4
407 1
408 1
409 7
410 7
411 4
412 7
413 6
414 7
415 3
416 7
417 0
418 3
419 8
420 1
421 6
422 6
423 3
424 1
425 8
426 3
427 8
428 5
429 6
430 7
431 4
432 4
433 7
434 6
435 0
436 6
437 8
438 7
439 3
440 5
441 2
442 9
443 7
444 5
445 9
446 4
447 7
448 7
449 5
450 0
451 0
452 9
453 7
454 9
455 6
456 8
457 8
458 8
459 2
460 2
461 2
462 8
463 7
464 4
465 8
466 3
467 7
468 4
469 6
470 0
471 7
472 3
473 4
474 2
475 7
476 6
477 9
478 1
479 2
480 4
481 3
482 0
483 4
484 1
485 5
486 3
487 6
488 2
489 6
490 5
491 7
492 0
493 3
494 2
495 3
496 8
497 5
498 3
499 5
500 7
501 3
502 4
503 2
504 7
505 4
506 8
507 6
508 8
509 3
510 6
511 0
512 9
513 9
514 2
515 5
516 2
517 9
518 9
519 7
520 4
521 9
522 5
523 1
524 9
525 0
526 5
527 1
528 7
529 6
530 3
531 9
532 7
533 4
534 9
535 5
536 4
537 9
538 0
539 1
540 8
541 9
542 4
543 6
544 9
545 6
546 6
547 9
548 0
549 2
550 7
551 3
552 1
553 8
554 9
555 7
556 0
557 2
558 2
559 8
560 7
561 7
562 5
563 6
564 3
565 7
566 0
567 6
568 6
569 4
570 5
571 5
572 6
573 5
574 9
575 3
576 9
577 3
578 0
579 4
580 1
581 3
582 6
583 0
584 7
585 7
586 3
587 3
588 4
589 2
590 0
591 8
592 6
593 8
594 2
595 2
596 4
597 1
598 9
599 6
600 3
601 9
602 9
603 1
604 5
605 3
606 5
607 6
608 2
609 1
610 6
611 1
612 7
613 2
614 7
615 2
616 7
617 2
618 5
619 5
620 7
621 7
622 4
623 2
624 8
625 8
626 8
627 8
628 6
629 7
630 7
631 0
632 7
633 2
634 3
635 4
636 3
637 5
638 0
639 7
640 9
641 7
642 9
643 4
644 9
645 3
646 8
647 8
648 9
649 1
650 5
651 4
652 4
653 2
654 9
655 6
656 2
657 3
658 6
659 1
660 8
661 6
662 3
663 2
664 1
665 9
666 3
667 7
668 1
669 7
670 8
671 8
672 1
673 9
674 6
675 0
676 7
677 7
678 3
679 1
680 0
681 2
682 9
683 9
684 1
685 2
686 3
687 6
688 5
689 5
690 6
691 9
692 4
693 1
694 9
695 1
696 6
697 8
698 2
699 7
700 3
701 3
702 9
703 6
704 2
705 7
706 0
707 0
708 4
709 9
710 6
711 1
712 7
713 9
714 0
715 0
716 6
717 7
718 6
719 8
720 3
721 1
722 8
723 6
724 7
725 4
726 0
727 9
728 4
729 0
730 4
731 5
732 0
733 7
734 8
735 5
736 0
737 7
738 1
739 4
740 2
741 8
742 6
743 0
744 1
745 3
746 5
747 0
748 0
749 8
750 0
751 3
752 3
753 6
754 5
755 6
756 1
757 3
758 8
759 8
760 4
761 2
762 2
763 5
764 2
765 4
766 2
767 1
768 7
769 1
770 6
771 8
772 0
773 9
774 2
775 1
776 8
777 6
778 2
779 7
780 8
781 8
782 5
783 3
784 7
785 4
786 9
787 0
788 1
789 3
790 0
791 8
792 3
793 9
794 8
795 7
796 6
797 0
798 5
799 3
800 8
801 2
802 9
803 2
804 3
805 2
806 8
807 8
808 9
809 2
810 6
811 9
812 9
813 6
814 2
815 2
816 2
817 0
818 1
819 8
820 8
821 8
822 6
823 8
824 0
825 1
826 3
827 5
828 2
829 9
830 1
831 0
832 9
833 5
834 2
835 5
836 1
837 5
838 2
839 6
840 5
841 6
842 4
843 7
844 8
845 5
846 8
847 7
848 4
849 3
850 2
851 9
852 0
853 4
854 9
855 0
856 8
857 5
858 1
859 4
860 7
861 2
862 3
863 1
864 8
865 5
866 9
867 0
868 6
869 1
870 7
871 8
872 0
873 4
874 0
875 1
876 7
877 3
878 0
879 9
880 4
881 4
882 1
883 1
884 0
885 5
886 4
887 1
888 4
889 9
890 4
891 8
892 4
893 4
894 7
895 0
896 3
897 8
898 9
899 8
900 9
901 7
902 2
903 5
904 5
905 1
906 5
907 5
908 4
909 6
910 3
911 8
912 9
913 9
914 5
915 8
916 4
917 8
918 3
919 8
920 1
921 3
922 9
923 3
924 3
925 1
926 0
927 5
928 9
929 6
930 6
931 9
932 8
933 8
934 2
935 3
936 7
937 2
938 1
939 8
940 1
941 4
942 1
943 6
944 3
945 1
946 7
947 7
948 3
949 4
950 0
951 6
952 6
953 3
954 5
955 3
956 8
957 3
958 9
959 8
960 9
961 7
962 4
963 5
964 6
965 5
966 3
967 5
968 1
969 1
970 7
971 6
972 6
973 1
974 1
975 8
976 0
977 0
978 6
979 1
980 4
981 7
982 3
983 9
984 2
985 8
986 8
987 5
988 2
989 6
990 5
991 0
992 5
993 2
994 0
995 4
996 8
997 5
998 7
999 7
1000 8
